[
[0, 104, 81, 43, 23, 10, 9, 12, 0, 0, 0, 8, 3, 3, 0, 0, 0, 0, 0, 0, 0, 34, 26, 29, 8, 4, 5, 0, 9, 8, 3, 3, 8, 0, 0, 0],
[104, 0, 38, 39, 7, 14, 5, 15, 0, 0, 0, 7, 0, 0, 0, 3, 0, 0, 0, 0, 0, 30, 8, 12, 3, 0, 0, 0, 12, 0, 0, 0, 37, 0, 0, 0],
[81, 38, 0, 8, 21, 3, 3, 19, 0, 0, 0, 0, 12, 11, 3, 9, 0, 0, 0, 0, 0, 26, 29, 39, 9, 7, 9, 0, 0, 4, 6, 7, 10, 0, 0, 0],
[43, 39, 8, 0, 0, 0, 0, 0, 0, 0, 0, 0, 0, 0, 0, 0, 0, 0, 0, 0, 0, 11, 7, 3, 3, 0, 0, 0, 3, 0, 0, 0, 4, 0, 0, 0],
[23, 7, 21, 0, 0, 0, 0, 0, 0, 0, 0, 0, 5, 12, 0, 0, 0, 0, 0, 0, 0, 10, 9, 5, 3, 0, 7, 0, 0, 0, 3, 0, 0, 0, 0, 0],
[10, 14, 3, 0, 0, 0, 18, 112, 51, 0, 23, 32, 31, 0, 0, 6, 0, 0, 0, 0, 0, 19, 11, 6, 3, 0, 3, 7, 11, 0, 0, 0, 56, 4, 0, 0],
[9, 5, 3, 0, 0, 18, 0, 49, 13, 33, 9, 3, 49, 9, 7, 25, 6, 0, 0, 0, 0, 64, 22, 11, 22, 10, 0, 11, 0, 0, 0, 0, 14, 0, 0, 0],
[12, 15, 19, 0, 0, 112, 49, 0, 20, 0, 37, 20, 11, 9, 9, 15, 0, 0, 0, 0, 0, 16, 6, 0, 0, 0, 3, 0, 9, 0, 0, 0, 53, 0, 4, 0],
[0, 0, 0, 0, 0, 51, 13, 20, 0, 0, 7, 8, 6, 0, 0, 3, 0, 0, 0, 0, 0, 14, 0, 0, 0, 0, 0, 0, 0, 0, 0, 0, 8, 0, 0, 0],
[0, 0, 0, 0, 0, 0, 33, 0, 0, 0, 0, 0, 25, 6, 0, 0, 0, 0, 0, 0, 0, 12, 5, 0, 4, 0, 0, 12, 0, 0, 0, 4, 0, 0, 0, 0],
[0, 0, 0, 0, 0, 23, 9, 37, 7, 0, 0, 0, 3, 0, 3, 6, 0, 0, 0, 0, 0, 5, 0, 0, 0, 0, 0, 0, 3, 0, 0, 0, 8, 0, 0, 0],
[8, 7, 0, 0, 0, 32, 3, 20, 8, 0, 0, 0, 4, 0, 0, 0, 0, 0, 0, 0, 0, 4, 0, 0, 0, 0, 0, 0, 0, 0, 0, 0, 11, 0, 0, 0],
[3, 0, 12, 0, 5, 31, 49, 11, 6, 25, 3, 4, 0, 36, 40, 10, 61, 0, 0, 0, 0, 21, 18, 26, 11, 3, 4, 5, 0, 0, 0, 0, 56, 23, 0, 0],
[3, 0, 11, 0, 12, 0, 9, 9, 0, 6, 0, 0, 36, 0, 16, 3, 0, 0, 0, 0, 0, 27, 24, 16, 7, 3, 4, 5, 4, 0, 4, 0, 0, 0, 0, 0],
[0, 0, 3, 0, 0, 0, 7, 9, 0, 0, 3, 0, 40, 16, 0, 0, 4, 0, 0, 0, 0, 18, 13, 9, 0, 4, 0, 0, 0, 3, 0, 4, 0, 0, 0, 0],
[0, 3, 9, 0, 0, 6, 25, 15, 3, 0, 6, 0, 10, 3, 0, 0, 4, 0, 0, 0, 0, 7, 0, 0, 7, 0, 0, 0, 5, 0, 0, 0, 3, 0, 0, 0],
[0, 0, 0, 0, 0, 0, 6, 0, 0, 0, 0, 0, 61, 0, 4, 4, 0, 0, 0, 0, 0, 0, 0, 0, 0, 0, 0, 0, 0, 0, 0, 0, 0, 0, 0, 0],
[0, 0, 0, 0, 0, 0, 0, 0, 0, 0, 0, 0, 0, 0, 0, 0, 0, 0, 95, 62, 37, 5, 11, 0, 0, 4, 0, 0, 0, 0, 0, 0, 0, 0, 0, 0],
[0, 0, 0, 0, 0, 0, 0, 0, 0, 0, 0, 0, 0, 0, 0, 0, 0, 95, 0, 16, 19, 0, 3, 0, 0, 0, 0, 0, 0, 0, 0, 0, 0, 0, 0, 0],
[0, 0, 0, 0, 0, 0, 0, 0, 0, 0, 0, 0, 0, 0, 0, 0, 0, 62, 16, 0, 15, 0, 3, 0, 0, 0, 0, 0, 0, 0, 0, 0, 0, 0, 0, 0],
[0, 0, 0, 0, 0, 0, 0, 0, 0, 0, 0, 0, 0, 0, 0, 0, 0, 37, 19, 15, 0, 0, 7, 0, 0, 0, 0, 0, 0, 0, 0, 0, 0, 0, 0, 0],
[34, 30, 26, 11, 10, 19, 64, 16, 14, 12, 5, 4, 21, 27, 18, 7, 0, 5, 0, 0, 0, 0, 291, 65, 81, 61, 33, 47, 32, 33, 28, 18, 38, 0, 0, 0],
[26, 8, 29, 7, 9, 11, 22, 6, 0, 5, 0, 0, 18, 24, 13, 0, 0, 11, 3, 3, 7, 291, 0, 67, 30, 36, 42, 32, 7, 26, 40, 21, 18, 4, 0, 0],
[29, 12, 39, 3, 5, 6, 11, 0, 0, 0, 0, 0, 26, 16, 9, 0, 0, 0, 0, 0, 0, 65, 67, 0, 13, 19, 5, 7, 5, 8, 12, 5, 4, 0, 0, 0],
[8, 3, 9, 3, 3, 3, 22, 0, 0, 4, 0, 0, 11, 7, 0, 7, 0, 0, 0, 0, 0, 81, 30, 13, 0, 29, 12, 4, 8, 14, 7, 0, 0, 0, 0, 0],
[4, 0, 7, 0, 0, 0, 10, 0, 0, 0, 0, 0, 3, 3, 4, 0, 0, 4, 0, 0, 0, 61, 36, 19, 29, 0, 9, 5, 0, 17, 9, 5, 0, 0, 0, 0],
[5, 0, 9, 0, 7, 3, 0, 3, 0, 0, 0, 0, 4, 4, 0, 0, 0, 0, 0, 0, 0, 33, 42, 5, 12, 9, 0, 0, 0, 7, 13, 19, 0, 0, 0, 0],
[0, 0, 0, 0, 0, 7, 11, 0, 0, 12, 0, 0, 5, 5, 0, 0, 0, 0, 0, 0, 0, 47, 32, 7, 4, 5, 0, 0, 0, 10, 4, 13, 0, 0, 0, 0],
[9, 12, 0, 3, 0, 11, 0, 9, 0, 0, 3, 0, 0, 4, 0, 5, 0, 0, 0, 0, 0, 32, 7, 5, 8, 0, 0, 0, 0, 0, 0, 3, 3, 0, 0, 0],
[8, 0, 4, 0, 0, 0, 0, 0, 0, 0, 0, 0, 0, 0, 3, 0, 0, 0, 0, 0, 0, 33, 26, 8, 14, 17, 7, 10, 0, 0, 8, 3, 0, 0, 0, 0],
[3, 0, 6, 0, 3, 0, 0, 0, 0, 0, 0, 0, 0, 4, 0, 0, 0, 0, 0, 0, 0, 28, 40, 12, 7, 9, 13, 4, 0, 8, 0, 0, 0, 0, 0, 0],
[3, 0, 7, 0, 0, 0, 0, 0, 0, 4, 0, 0, 0, 0, 4, 0, 0, 0, 0, 0, 0, 18, 21, 5, 0, 5, 19, 13, 3, 3, 0, 0, 0, 0, 0, 0],
[8, 37, 10, 4, 0, 56, 14, 53, 8, 0, 8, 11, 56, 0, 0, 3, 0, 0, 0, 0, 0, 38, 18, 4, 0, 0, 0, 0, 3, 0, 0, 0, 0, 81, 81, 45],
[0, 0, 0, 0, 0, 4, 0, 0, 0, 0, 0, 0, 23, 0, 0, 0, 0, 0, 0, 0, 0, 0, 4, 0, 0, 0, 0, 0, 0, 0, 0, 0, 81, 0, 8, 0],
[0, 0, 0, 0, 0, 0, 0, 4, 0, 0, 0, 0, 0, 0, 0, 0, 0, 0, 0, 0, 0, 0, 0, 0, 0, 0, 0, 0, 0, 0, 0, 0, 81, 8, 0, 11],
[0, 0, 0, 0, 0, 0, 0, 0, 0, 0, 0, 0, 0, 0, 0, 0, 0, 0, 0, 0, 0, 0, 0, 0, 0, 0, 0, 0, 0, 0, 0, 0, 45, 0, 11, 0]
]
